16.870 -98.930
16.405 -98.469
16.608 -98.464
16.431 -98.885
16.427 -98.876
16.257 -98.103
16.523 -98.453
16.268 -98.122
16.267 -98.257
16.319 -98.234
16.336 -98.232
16.588 -99.266
16.268 -98.113
16.268 -98.093
16.285 -98.075
16.320 -98.090
16.700 -96.545
16.306 -98.295
16.013 -98.708
15.947 -97.977
15.851 -97.078
16.880 -100.455
16.220 -98.580
16.007 -97.615
16.245 -98.035
16.300 -97.900
16.317 -98.095
16.225 -97.975
16.325 -97.930
16.294 -98.089
16.300 -97.890
16.320 -97.860
16.293 -97.877
16.445 -98.305
16.035 -97.660
16.250 -98.100
16.260 -98.140
16.040 -98.370
16.080 -97.190
16.005 -97.940
16.325 -97.830
16.250 -98.105
15.415 -96.530
16.280 -98.110
16.255 -98.055
15.935 -98.410
16.280 -98.115
16.166 -99.197
16.050 -98.692
16.315 -97.825
15.945 -97.985
15.960 -97.950
15.915 -98.270
16.010 -98.670
16.011 -97.553
16.285 -97.835
16.280 -98.060
16.280 -98.100
16.035 -97.650
16.235 -98.035
16.040 -97.655
15.905 -98.420
16.300 -98.301
16.500 -98.475
16.310 -97.825
16.270 -98.115
16.290 -98.090
16.245 -98.100
16.170 -97.805
16.733 -99.436
16.040 -97.900
16.605 -98.556
16.255 -98.095
16.307 -97.827
16.325 -98.260
16.291 -98.380
16.305 -97.860
16.295 -97.850
16.375 -97.990
16.305 -97.825
16.063 -97.608
16.275 -98.105
16.635 -98.630
16.315 -98.045
15.885 -98.325
16.280 -98.095
16.155 -98.795
16.008 -97.982
15.920 -97.975
16.260 -98.055
16.047 -97.183
16.425 -97.920
16.045 -97.170
16.450 -97.890
15.655 -97.894
16.305 -98.175
15.985 -97.650
16.305 -98.120
16.273 -98.087
15.845 -98.120
16.700 -99.643
17.285 -96.105
16.255 -98.050
16.285 -98.070
16.215 -98.340
15.956 -98.201
16.300 -98.015
15.965 -98.385
16.325 -98.055
16.165 -97.850
16.233 -98.035
16.340 -97.700
15.980 -98.045
16.103 -97.753
16.270 -97.785
17.235 -95.980
16.253 -98.123
15.965 -97.600
16.010 -97.650
16.285 -98.141
16.080 -98.465
16.285 -98.129
16.255 -98.110
16.190 -98.802
16.723 -99.626
15.850 -97.200
16.125 -97.205
16.100 -97.540
16.270 -98.125
16.785 -99.945
16.320 -98.295
16.070 -98.395
16.270 -97.855
16.480 -98.470
16.215 -98.135
16.050 -98.165
16.240 -98.045
15.680 -98.320
16.215 -98.035
16.275 -98.815
16.030 -97.675
16.250 -98.095
15.985 -97.685
16.329 -98.275
16.515 -98.455
15.935 -98.720
16.845 -97.700
15.900 -98.130
16.000 -97.595
16.187 -98.776
15.865 -98.300
16.007 -98.097
15.917 -98.120
16.028 -98.684
16.049 -98.659
16.083 -98.644
16.205 -98.040
16.355 -98.240
16.880 -100.060
16.275 -98.094
16.021 -98.683
16.275 -98.115
16.145 -98.522
16.045 -97.915
15.979 -98.732
16.090 -97.680
16.483 -98.490
16.320 -98.260
16.273 -98.089
16.360 -97.935
16.365 -98.235
15.935 -98.870
16.254 -98.094
16.010 -98.400
16.020 -98.660
15.988 -97.647
16.275 -98.100
15.945 -98.480
16.015 -98.895
16.290 -98.015
16.255 -98.080
16.050 -97.655
16.453 -98.516
16.085 -97.810
16.248 -98.075
15.860 -98.795
16.078 -97.665
16.575 -100.425
16.390 -97.975
16.010 -98.705
15.957 -98.700
16.210 -99.210
15.960 -98.660
16.140 -99.255
15.940 -98.243
16.030 -98.410
16.042 -98.485
15.980 -98.865
15.685 -97.895
16.350 -99.390
16.315 -97.855
16.045 -98.665
15.936 -98.261
16.853 -100.283
16.007 -98.257
15.810 -98.305
16.330 -98.115
15.895 -98.870
17.255 -101.125
16.105 -98.270
15.915 -98.445
16.130 -97.505
15.880 -98.740
16.245 -98.030
15.903 -98.407
16.020 -97.665
16.070 -98.440
15.685 -97.403
15.955 -98.680
16.005 -97.680
16.020 -97.570
16.023 -98.357
15.990 -97.625
16.026 -97.672
15.625 -97.885
16.585 -98.635
17.460 -101.510
15.949 -98.864
16.280 -98.060
16.515 -99.050
16.365 -98.235
16.248 -98.109
15.977 -98.050
16.036 -98.649
15.925 -98.475
16.000 -98.500
16.553 -98.520
16.520 -98.500
17.015 -101.540
16.035 -98.465
16.750 -99.980
16.040 -97.580
16.080 -98.150
15.960 -98.695
16.021 -98.938
16.285 -98.265
16.850 -100.075
16.530 -100.520
15.830 -98.530
17.130 -101.557
16.270 -97.990
16.010 -98.520
16.080 -98.650
15.830 -98.475
16.559 -98.986
16.070 -98.355
15.915 -98.685
16.200 -98.370
16.765 -101.000
16.900 -100.263
15.980 -98.565
15.905 -98.445
16.495 -98.455
16.240 -98.030
15.950 -98.800
16.270 -97.955
16.090 -97.685
16.271 -98.109
16.410 -98.060
16.269 -98.124
16.225 -98.355
17.135 -101.450
16.259 -98.300
16.230 -98.085
15.920 -98.423
15.960 -98.595
16.035 -97.667
16.025 -98.695
16.045 -98.695
16.005 -98.740
15.975 -98.675
16.010 -98.695
16.353 -98.937
16.583 -98.733
16.230 -98.040
16.080 -98.865
16.055 -98.425
16.120 -98.405
15.960 -98.310
15.983 -98.720
16.280 -98.115
15.938 -98.338
16.240 -97.840
16.030 -98.995
16.050 -97.575
16.294 -98.234
16.230 -98.060
16.015 -97.970
16.520 -98.465
17.295 -101.465
17.075 -100.645
16.980 -100.480
16.025 -97.670
16.025 -97.668
16.315 -98.270
16.140 -99.190
16.075 -98.635
16.300 -98.170
16.529 -98.460
16.330 -98.250
15.995 -98.450
16.242 -98.325
15.930 -98.161
16.055 -98.415
16.275 -98.015
16.262 -98.032
16.265 -98.355
16.005 -98.685
17.090 -101.495
17.215 -101.485
15.920 -98.690
16.006 -97.684
16.355 -98.295
15.997 -97.680
16.275 -97.905
15.935 -98.135
16.255 -97.990
16.300 -97.885
16.100 -97.495
16.510 -99.540
15.990 -98.610
16.026 -98.647
16.290 -98.225
16.213 -99.130
16.023 -98.415
15.987 -98.431
15.994 -98.465
16.015 -98.620
16.065 -98.635
16.331 -98.223
17.220 -101.610
15.763 -98.377
17.150 -101.375
16.945 -101.535
16.243 -98.367
16.012 -97.667
16.525 -99.070
16.310 -98.050
15.903 -98.717
15.590 -97.377
17.155 -101.395
15.940 -98.620
16.920 -100.385
17.323 -101.280
15.775 -97.125
16.260 -98.125
17.010 -101.460
15.655 -97.365
15.570 -97.390
15.845 -97.260
15.925 -97.280
17.190 -101.360
16.790 -100.390
16.515 -100.430
15.978 -98.410
16.048 -98.442
15.920 -98.325
15.990 -98.720
15.975 -98.400
16.355 -98.305
15.935 -98.410
15.990 -97.595
16.008 -98.455
15.970 -98.805
16.285 -98.280
16.030 -98.620
15.880 -98.835
15.965 -98.388
16.975 -100.510
15.970 -98.585
16.083 -98.613
16.020 -98.625
15.990 -98.615
16.050 -97.660
16.445 -99.540
16.020 -98.690
15.879 -98.348
16.265 -98.085
16.030 -98.383
15.930 -98.270
15.873 -98.753
15.985 -98.305
16.070 -98.895
15.973 -98.640
16.041 -98.389
16.015 -98.665
16.076 -97.669
16.100 -98.465
16.155 -98.785
15.930 -98.445
16.005 -98.435
16.380 -98.025
15.980 -98.147
15.915 -98.110
16.080 -98.427
15.955 -98.820
16.050 -98.315
15.941 -98.269
15.985 -98.398
16.100 -99.205
15.857 -98.760
16.005 -98.355
15.995 -98.815
15.947 -98.881
16.094 -98.314
16.281 -98.098
16.010 -98.400
16.020 -98.653
16.235 -98.260
16.043 -98.367
16.015 -98.655
16.240 -98.045
15.968 -98.707
16.023 -98.660
15.987 -98.633
15.967 -98.443
16.183 -98.730
15.976 -98.478
15.838 -98.392
15.955 -98.348
16.390 -98.250
16.015 -98.410
16.005 -98.395
15.985 -98.425
16.320 -99.640
16.330 -98.030
16.110 -98.455
16.114 -98.469
16.135 -98.450
16.269 -99.193
16.287 -98.630
16.087 -98.247
16.215 -98.435
16.015 -97.680
16.925 -100.920
17.080 -101.455
17.040 -101.520
16.700 -99.547
16.895 -100.375
16.670 -100.965
16.887 -100.260
17.135 -101.125
17.125 -101.165
16.890 -100.305
16.450 -99.123
16.520 -100.400
16.690 -99.680
16.390 -100.955
16.770 -100.125
15.885 -96.990
17.080 -101.515
16.593 -100.433
16.985 -100.500
17.045 -100.495
16.253 -98.269
16.828 -100.132
16.963 -100.760
16.565 -100.530
16.876 -100.243
17.114 -100.506
17.245 -101.337
16.873 -100.135
16.956 -100.206
17.024 -101.561
17.265 -101.302
16.970 -100.492
