0.442
0.011
0.013
0.019
0.150
0.388
0.020
0.007
0.033
0.042
0.014
0.037
0.258
0.285
0.048
0.022
1.788
2.292
0.388
0.038
0.040
0.044
0.021
1.323
0.025
0.013
0.017
0.005
1.038
0.084
0.009
0.023
0.053
0.285
0.052
0.061
0.034
0.293
0.287
0.029
0.011
0.156
0.036
0.791
0.025
1.073
1.122
1.970
0.034
0.788
0.011
0.028
0.026
0.073
0.040
0.005
0.060
0.112
0.092
1.834
0.064
0.319
1.111
0.054
0.297
0.044
1.141
2.905
0.039
3.736
0.013
0.017
0.021
0.359
0.135
0.420
0.009
0.044
0.145
0.364
1.162
2.865
0.073
0.306
0.011
0.209
0.022
0.112
0.015
0.030
0.192
0.144
0.399
0.085
0.014
0.017
0.398
0.024
0.180
0.183
3.833
0.151
0.014
0.127
0.065
0.431
0.127
1.979
0.080
0.035
0.160
0.442
0.073
1.766
0.823
0.034
0.628
0.049
0.062
3.635
0.033
3.837
0.192
1.365
3.542
1.808
0.061
0.022
0.065
0.065
0.034
0.022
2.176
1.680
0.401
0.011
0.079
0.083
0.065
0.024
0.156
0.026
1.554
4.550
0.217
0.066
0.114
0.043
0.030
0.030
0.017
0.236
0.021
0.204
0.144
0.114
0.034
0.012
0.200
0.014
0.027
0.383
0.073
0.259
0.049
1.206
0.049
0.021
0.106
0.030
0.021
0.031
0.044
0.271
0.076
0.039
0.122
0.041
0.015
0.060
0.896
0.024
0.027
0.018
0.113
0.067
0.316
0.022
0.053
0.057
0.012
0.011
0.038
0.032
0.018
0.097
0.026
0.046
0.032
0.061
0.014
0.037
0.060
0.124
0.124
0.334
0.011
0.071
0.107
0.037
0.035
1.050
0.158
0.030
0.099
0.273
0.050
0.033
0.050
2.771
0.536
0.040
0.141
0.941
0.223
0.096
1.424
0.026
0.080
1.825
0.018
0.190
0.089
0.029
0.281
0.223
0.714
0.034
0.128
0.077
0.020
0.529
0.032
0.034
0.077
0.143
0.400
0.227
0.050
0.456
0.120
0.065
0.069
0.620
0.394
0.139
0.053
0.026
0.105
0.073
0.226
0.163
0.027
0.043
0.486
1.135
4.760
0.050
0.004
0.034
0.034
1.042
1.000
0.117
0.015
0.018
0.061
0.103
0.013
1.323
0.018
0.052
0.440
0.212
0.084
0.056
0.040
0.087
0.054
0.031
0.012
0.012
0.011
0.031
1.345
0.048
0.077
0.220
0.010
4.151
0.066
0.105
0.709
0.062
0.471
0.014
0.276
0.119
0.013
1.155
0.030
0.208
0.387
0.070
0.159
0.249
0.028
0.099
0.040
0.380
0.218
1.366
0.039
0.113
0.024
0.025
0.009
0.746
0.016
0.033
0.030
0.101
0.131
0.012
0.024
0.513
0.099
0.117
0.034
0.015
1.036
0.040
0.063
1.276
0.053
0.522
0.227
0.439
0.032
0.059
0.284
0.047
0.091
0.040
0.491
0.027
0.057
1.808
0.067
0.129
0.171
0.389
0.178
13.820
0.140
0.103
0.169
0.432
1.616
0.133
0.144
1.066
0.098
0.032
0.079
0.375
0.018
4.101
0.122
0.614
0.367
0.207
0.472
1.840
0.159
0.090
0.103
0.730
0.229
0.093
0.022
0.285
0.047
0.210
0.088
0.370
3.709
1.165
3.670
10.302
0.026
15.318
7.578
2.846
0.250
0.019
2.759
0.144
0.875
0.015
0.029
0.938
0.031
0.032
0.403
0.521
0.083
0.065
0.722
0.328
0.024
0.762
0.133
0.320
0.590
0.143
0.137
0.181
0.028
1.657
1.046
1.165
0.426
0.736
0.062
0.941
8.909
0.101
8.889
0.172
6.045
0.857
2.419
0.777
0.069
0.082
0.229
0.029
1.972
0.309
0.189
80.941
1.480
0.662
0.251
0.154
0.066
2.931
0.057
0.058
0.707
260.373
3808.321
839.871
1.226
0.353
0.168
0.066
0.272
0.370
0.114
0.797
0.109
0.197
0.151
1.115
