0.197
0.005
0.205
0.060
0.157
0.017
0.007
0.035
0.073
0.005
0.040
0.032
0.043
0.034
0.039
0.032
0.105
0.148
0.163
0.008
0.068
0.062
0.028
3.884
0.102
0.022
0.021
0.013
0.139
0.778
0.083
0.052
0.150
0.289
2.096
0.031
0.130
0.120
0.898
0.024
0.021
0.055
0.126
0.089
0.161
0.141
0.193
0.399
0.017
0.090
0.025
0.004
0.043
0.015
0.049
0.011
0.036
0.088
0.243
0.446
0.005
0.127
0.853
0.021
0.199
0.181
0.168
1.299
0.062
1.482
0.033
0.040
0.119
0.170
0.052
0.330
0.147
0.147
0.103
0.267
0.431
1.046
0.250
0.066
0.022
0.082
0.017
0.119
0.009
0.112
0.150
0.116
0.099
0.179
0.072
0.040
0.430
0.053
0.126
0.079
1.193
0.085
0.032
0.040
0.060
1.833
0.111
0.429
0.038
0.098
0.046
0.060
0.038
0.563
0.364
0.031
0.695
0.073
0.172
1.509
0.030
0.888
0.024
0.522
1.718
1.466
0.099
0.034
0.466
0.054
0.005
0.040
0.428
0.694
0.039
0.033
0.133
0.053
0.035
0.044
0.267
0.047
0.177
1.723
0.174
0.028
0.237
0.098
0.061
0.062
0.031
0.065
0.019
0.299
0.019
0.042
0.034
0.013
0.083
0.046
0.023
0.103
0.019
0.650
0.159
0.490
0.023
0.034
0.061
0.054
0.045
0.015
0.044
0.021
0.004
0.071
0.664
0.087
0.021
0.002
0.248
0.146
0.043
0.011
0.052
0.010
0.103
0.012
0.030
0.003
0.091
0.004
0.072
0.014
0.021
0.043
0.030
0.064
0.022
0.012
0.087
0.001
0.085
0.080
0.057
0.049
0.009
0.004
0.069
0.014
0.075
0.716
0.028
0.113
0.032
0.410
0.208
0.629
0.039
0.249
0.187
0.015
0.153
0.372
0.086
0.015
0.132
0.004
0.032
0.092
0.113
0.268
0.264
0.022
0.211
0.090
0.128
0.127
0.041
0.035
0.011
0.814
0.050
0.043
0.024
0.038
0.080
0.041
0.063
0.080
0.025
0.008
0.083
0.376
0.190
0.060
0.048
0.003
0.010
0.035
0.096
0.044
0.019
0.067
0.146
0.311
4.505
0.029
0.116
0.034
0.038
0.387
0.530
0.044
0.021
0.013
0.673
0.017
0.008
0.328
0.012
0.028
0.103
0.184
0.118
0.045
0.029
0.046
0.031
0.044
0.027
0.052
0.042
0.029
0.614
0.141
0.072
0.070
0.008
0.482
0.033
0.070
0.377
0.386
0.733
0.018
0.130
0.042
0.038
0.219
0.108
0.264
0.531
0.127
0.093
0.082
0.050
0.052
0.028
0.118
0.391
0.160
0.110
0.317
0.048
0.015
0.014
0.135
0.012
0.045
0.012
0.092
0.071
0.002
0.013
0.225
0.050
0.228
0.011
0.029
0.449
0.022
0.013
0.431
0.040
0.254
0.947
0.336
0.059
1.403
0.827
0.143
0.148
0.111
0.438
0.044
0.040
1.692
0.168
0.969
0.089
0.215
0.106
1.524
0.087
0.210
0.052
0.051
0.104
0.209
0.080
0.614
0.363
0.013
0.046
0.280
0.009
1.228
0.236
0.214
0.044
0.944
0.311
0.334
0.007
0.016
0.160
0.279
0.075
0.008
0.028
0.096
0.116
0.056
0.044
0.128
1.118
0.181
1.860
10.158
0.073
2.237
1.486
4.029
0.046
0.017
0.266
0.104
0.242
0.044
0.043
0.194
0.034
0.012
0.270
1.242
0.093
0.075
0.097
0.031
0.007
0.223
0.135
0.242
0.060
0.097
0.040
0.062
0.029
0.231
0.287
0.150
0.050
0.150
0.040
0.049
1.104
1.849
1.164
0.019
0.528
0.209
0.566
0.380
0.011
0.045
0.060
0.019
0.520
0.003
0.094
0.441
1.298
0.083
0.019
0.041
0.018
0.005
0.173
0.054
0.346
0.363
3.472
0.091
0.388
0.131
0.072
0.535
0.134
0.202
0.036
0.127
0.016
0.087
0.039
0.201
